ABUNDANCE SCALE   0.30200 ABUNDANCE CHANGE 1 0.91100 2 0.08900
 ABUNDANCE CHANGE  3 -10.99  4 -10.66  5  -9.34  6  -3.18  7  -4.26  8  -2.85
 ABUNDANCE CHANGE  9  -7.48 10  -4.20 11  -5.69 12  -4.07 13  -5.25 14  -4.20
 ABUNDANCE CHANGE 15  -6.68 16  -4.90 17  -6.54 18  -5.86 19  -6.81 20  -5.59
 ABUNDANCE CHANGE 21  -8.74 22  -6.82 23  -7.91 24  -6.45 25  -6.82 26  -4.54
 ABUNDANCE CHANGE 27  -6.96 28  -5.76 29  -7.83 30  -7.26 31  -9.16 32  -8.46
 ABUNDANCE CHANGE 33  -9.75 34  -8.71 35  -9.48 36  -8.76 37  -9.44 38  -9.12
 ABUNDANCE CHANGE 39  -9.83 40  -9.45 41 -10.62 42 -10.12 43 -20.00 44 -10.20
 ABUNDANCE CHANGE 45 -10.92 46 -10.35 47 -11.10 48 -10.27 49 -10.44 50 -10.04
 ABUNDANCE CHANGE 51 -11.04 52  -9.85 53 -10.53 54  -9.77 55 -10.97 56  -9.87
 ABUNDANCE CHANGE 57 -10.91 58 -10.46 59 -11.33 60 -10.59 61 -20.00 62 -11.03
 ABUNDANCE CHANGE 63 -11.52 64 -10.92 65 -11.76 66 -10.90 67 -11.53 68 -11.11
 ABUNDANCE CHANGE 69 -12.04 70 -10.96 71 -11.98 72 -11.16 73 -12.21 74 -10.93
 ABUNDANCE CHANGE 75 -11.81 76 -10.59 77 -10.66 78 -10.40 79 -11.03 80 -10.91
 ABUNDANCE CHANGE 81 -11.14 82 -10.04 83 -11.39 84 -20.00 85 -20.00 86 -20.00
 ABUNDANCE CHANGE 87 -20.00 88 -20.00 89 -20.00 90 -11.98 91 -20.00 92 -12.51
 ABUNDANCE CHANGE 93 -20.00 94 -20.00 95 -20.00 96 -20.00 97 -20.00 98 -20.00
 ABUNDANCE CHANGE 99 -20.00
