ABUNDANCE SCALE   1.00000 ABUNDANCE CHANGE 1 0.92068 2 0.07836
 ABUNDANCE CHANGE  3 -10.99  4 -10.66  5  -9.34  6  -3.61  7  -4.21  8  -3.35
 ABUNDANCE CHANGE  9  -7.48 10  -4.11 11  -5.80 12  -4.44 13  -5.59 14  -4.53
 ABUNDANCE CHANGE 15  -6.63 16  -4.92 17  -6.54 18  -5.64 19  -7.01 20  -5.70
 ABUNDANCE CHANGE 21  -8.89 22  -7.09 23  -8.11 24  -6.40 25  -6.61 26  -4.54
 ABUNDANCE CHANGE 27  -7.05 28  -5.82 29  -7.85 30  -7.48 31  -9.00 32  -8.39
 ABUNDANCE CHANGE 33  -9.74 34  -8.70 35  -9.50 36  -8.79 37  -9.52 38  -9.17
 ABUNDANCE CHANGE 39  -9.83 40  -9.46 41 -10.58 42 -10.16 43 -20.00 44 -10.29
 ABUNDANCE CHANGE 45 -11.13 46 -10.47 47 -11.10 48 -10.33 49 -11.24 50 -10.00
 ABUNDANCE CHANGE 51 -11.03 52  -9.86 53 -10.49 54  -9.80 55 -10.96 56  -9.86
 ABUNDANCE CHANGE 57 -10.94 58 -10.46 59 -11.32 60 -10.62 61 -20.00 62 -11.08
 ABUNDANCE CHANGE 63 -11.52 64 -10.97 65 -11.74 66 -10.94 67 -11.56 68 -11.12
 ABUNDANCE CHANGE 69 -11.94 70 -11.20 71 -11.94 72 -11.19 73 -12.16 74 -11.19
 ABUNDANCE CHANGE 75 -11.78 76 -10.64 77 -10.66 78 -10.42 79 -11.12 80 -10.87
 ABUNDANCE CHANGE 81 -11.14 82 -10.29 83 -11.39 84 -20.00 85 -20.00 86 -20.00
 ABUNDANCE CHANGE 87 -20.00 88 -20.00 89 -20.00 90 -12.02 91 -20.00 92 -12.58
 ABUNDANCE CHANGE 93 -20.00 94 -20.00 95 -20.00 96 -20.00 97 -20.00 98 -20.00
 ABUNDANCE CHANGE 99 -20.00
 