TEFF   4300.  GRAVITY 1.50000 LTE 
TITLE ATLAS12 ARCTURUS GRID WITH DEPTH DEPENDENT VTURB                          
 OPACITY IFOP 1 1 1 1 1 1 1 1 1 1 1 1 1 0 1 0 0 0 0 0
 CONVECTION ON   1.25 TURBULENCE OFF  0.00  0.00  0.00  0.00
ABUNDANCE SCALE   1.00000 ABUNDANCE CHANGE 1 0.91100 2 0.08900
 ABUNDANCE CHANGE  3 -11.38  4 -11.39  5  -9.94  6  -3.98  7  -4.19  8  -3.21
 ABUNDANCE CHANGE  9  -7.98 10  -4.05 11  -5.91 12  -4.56 13  -5.77 14  -4.59
 ABUNDANCE CHANGE 15  -7.09 16  -5.33 17  -7.04 18  -5.58 19  -7.32 20  -5.88
 ABUNDANCE CHANGE 21  -9.24 22  -7.25 23  -8.54 24  -6.87 25  -7.15 26  -4.87
 ABUNDANCE CHANGE 27  -7.62 28  -6.29 29  -8.33 30  -7.94 31  -9.66 32  -9.13
 ABUNDANCE CHANGE 33 -10.17 34  -9.19 35  -9.91 36  -9.31 37  -9.94 38  -9.64
 ABUNDANCE CHANGE 39 -10.30 40 -10.04 41 -11.12 42 -10.62 43 -20.50 44 -10.70
 ABUNDANCE CHANGE 45 -11.42 46 -10.85 47 -11.60 48 -10.68 49 -11.08 50 -10.54
 ABUNDANCE CHANGE 51 -11.54 52 -10.30 53 -11.03 54 -10.31 55 -11.42 56 -10.41
 ABUNDANCE CHANGE 57 -11.32 58 -10.99 59 -11.83 60 -11.04 61 -20.50 62 -11.54
 ABUNDANCE CHANGE 63 -12.03 64 -11.42 65 -12.44 66 -11.44 67 -12.28 68 -11.61
 ABUNDANCE CHANGE 69 -12.54 70 -11.46 71 -11.78 72 -11.66 73 -12.41 74 -11.43
 ABUNDANCE CHANGE 75 -12.27 76 -11.09 77 -11.19 78 -10.74 79 -11.53 80 -11.45
 ABUNDANCE CHANGE 81 -11.64 82 -10.69 83 -11.83 84 -20.50 85 -20.50 86 -20.50
 ABUNDANCE CHANGE 87 -20.50 88 -20.50 89 -20.50 90 -12.42 91 -20.50 92 -13.01
 ABUNDANCE CHANGE 93 -20.50 94 -20.50 95 -20.50 96 -20.50 97 -20.50 98 -20.50
 ABUNDANCE CHANGE 99 -20.50
READ DECK6 72 RHOX,T,P,XNE,ABROSS,ACCRAD,VTURB
 1.35636127E-02   2463.6 4.289E-01 6.712E+06 9.832E-06 2.602E-03 9.781E+04 0.000E+00 0.000E+00
 1.79741105E-02   2491.2 5.683E-01 9.045E+06 1.034E-05 2.386E-03 9.781E+04 0.000E+00 0.000E+00
 2.35605825E-02   2518.3 7.450E-01 1.207E+07 1.090E-05 2.181E-03 9.781E+04 0.000E+00 0.000E+00
 3.06129167E-02   2545.5 9.680E-01 1.600E+07 1.153E-05 1.992E-03 9.781E+04 0.000E+00 0.000E+00
 3.94734678E-02   2573.0 1.248E+00 2.111E+07 1.226E-05 1.822E-03 9.781E+04 0.000E+00 0.000E+00
 5.05593797E-02   2600.7 1.599E+00 2.770E+07 1.310E-05 1.672E-03 9.781E+04 0.000E+00 0.000E+00
 6.43623560E-02   2628.5 2.035E+00 3.620E+07 1.406E-05 1.540E-03 9.781E+04 0.000E+00 0.000E+00
 8.14594294E-02   2656.4 2.576E+00 4.712E+07 1.518E-05 1.426E-03 9.781E+04 0.000E+00 0.000E+00
 1.02520827E-01   2684.5 3.242E+00 6.108E+07 1.648E-05 1.326E-03 9.781E+04 0.000E+00 0.000E+00
 1.28317190E-01   2712.8 4.057E+00 7.888E+07 1.799E-05 1.238E-03 9.781E+04 0.000E+00 0.000E+00
 1.59728069E-01   2741.3 5.051E+00 1.015E+08 1.976E-05 1.162E-03 9.781E+04 0.000E+00 0.000E+00
 1.97750207E-01   2770.0 6.253E+00 1.300E+08 2.183E-05 1.097E-03 9.781E+04 0.000E+00 0.000E+00
 2.43504996E-01   2798.8 7.700E+00 1.658E+08 2.426E-05 1.041E-03 9.781E+04 0.000E+00 0.000E+00
 2.98236205E-01   2827.8 9.431E+00 2.108E+08 2.713E-05 9.932E-04 9.781E+04 0.000E+00 0.000E+00
 3.63311014E-01   2857.1 1.149E+01 2.669E+08 3.051E-05 9.530E-04 9.781E+04 0.000E+00 0.000E+00
 4.40225391E-01   2886.6 1.392E+01 3.366E+08 3.452E-05 9.191E-04 9.781E+04 0.000E+00 0.000E+00
 5.30622411E-01   2916.5 1.678E+01 4.229E+08 3.928E-05 8.917E-04 9.781E+04 0.000E+00 0.000E+00
 6.36280865E-01   2946.6 2.012E+01 5.293E+08 4.493E-05 8.690E-04 9.781E+04 0.000E+00 0.000E+00
 7.59143832E-01   2977.1 2.401E+01 6.600E+08 5.165E-05 8.517E-04 9.781E+04 0.000E+00 0.000E+00
 9.01351391E-01   3007.8 2.850E+01 8.197E+08 5.962E-05 8.390E-04 9.781E+04 0.000E+00 0.000E+00
 1.06528003E+00   3038.7 3.369E+01 1.014E+09 6.910E-05 8.301E-04 9.781E+04 0.000E+00 0.000E+00
 1.25362549E+00   3069.8 3.964E+01 1.249E+09 8.031E-05 8.258E-04 9.781E+04 0.000E+00 0.000E+00
 1.46942427E+00   3101.1 4.647E+01 1.533E+09 9.358E-05 8.233E-04 9.781E+04 0.000E+00 0.000E+00
 1.71626845E+00   3132.0 5.427E+01 1.871E+09 1.091E-04 8.252E-04 9.781E+04 0.000E+00 0.000E+00
 1.99842463E+00   3162.8 6.319E+01 2.273E+09 1.274E-04 8.310E-04 9.781E+04 0.000E+00 0.000E+00
 2.32084242E+00   3193.3 7.339E+01 2.749E+09 1.486E-04 8.402E-04 9.781E+04 0.000E+00 0.000E+00
 2.68937256E+00   3223.4 8.504E+01 3.309E+09 1.733E-04 8.528E-04 9.781E+04 0.000E+00 0.000E+00
 3.11094802E+00   3253.0 9.837E+01 3.966E+09 2.019E-04 8.690E-04 9.781E+04 0.000E+00 0.000E+00
 3.59382762E+00   3282.0 1.136E+02 4.732E+09 2.349E-04 8.892E-04 9.781E+04 0.000E+00 0.000E+00
 4.14780367E+00   3310.3 1.312E+02 5.624E+09 2.728E-04 9.140E-04 9.781E+04 0.000E+00 0.000E+00
 4.78444113E+00   3337.9 1.513E+02 6.657E+09 3.163E-04 9.433E-04 9.781E+04 0.000E+00 0.000E+00
 5.51741875E+00   3364.7 1.745E+02 7.851E+09 3.660E-04 9.784E-04 9.781E+04 0.000E+00 0.000E+00
 6.36289357E+00   3390.6 2.012E+02 9.230E+09 4.228E-04 1.020E-03 9.781E+04 0.000E+00 0.000E+00
 7.33982616E+00   3415.9 2.321E+02 1.082E+10 4.876E-04 1.069E-03 9.783E+04 0.000E+00 0.000E+00
 8.47038811E+00   3440.3 2.678E+02 1.265E+10 5.615E-04 1.126E-03 9.815E+04 0.000E+00 0.000E+00
 9.78056991E+00   3464.0 3.093E+02 1.475E+10 6.457E-04 1.194E-03 9.915E+04 0.000E+00 0.000E+00
 1.13002511E+01   3487.3 3.573E+02 1.718E+10 7.422E-04 1.275E-03 1.005E+05 0.000E+00 0.000E+00
 1.30635450E+01   3510.3 4.131E+02 1.999E+10 8.529E-04 1.369E-03 1.019E+05 0.000E+00 0.000E+00
 1.51092056E+01   3533.5 4.778E+02 2.326E+10 9.807E-04 1.479E-03 1.035E+05 0.000E+00 0.000E+00
 1.74802805E+01   3557.1 5.528E+02 2.707E+10 1.129E-03 1.608E-03 1.057E+05 0.000E+00 0.000E+00
 2.02250040E+01   3581.5 6.395E+02 3.155E+10 1.302E-03 1.756E-03 1.086E+05 0.000E+00 0.000E+00
 2.33943581E+01   3607.6 7.398E+02 3.685E+10 1.506E-03 1.936E-03 1.131E+05 0.000E+00 0.000E+00
 2.70396307E+01   3636.2 8.550E+02 4.321E+10 1.750E-03 2.150E-03 1.192E+05 0.000E+00 0.000E+00
 3.12118993E+01   3668.1 9.869E+02 5.091E+10 2.045E-03 2.404E-03 1.280E+05 0.000E+00 0.000E+00
 3.59586219E+01   3704.3 1.137E+03 6.031E+10 2.404E-03 2.707E-03 1.397E+05 0.000E+00 0.000E+00
 4.13259372E+01   3746.3 1.307E+03 7.194E+10 2.845E-03 3.066E-03 1.531E+05 0.000E+00 0.000E+00
 4.73527055E+01   3795.2 1.497E+03 8.643E+10 3.388E-03 3.488E-03 1.676E+05 0.000E+00 0.000E+00
 5.40824939E+01   3852.3 1.710E+03 1.045E+11 4.055E-03 3.979E-03 1.825E+05 0.000E+00 0.000E+00
 6.15683866E+01   3918.5 1.947E+03 1.271E+11 4.866E-03 4.543E-03 1.974E+05 0.000E+00 0.000E+00
 6.98863666E+01   3995.1 2.210E+03 1.551E+11 5.837E-03 5.181E-03 2.126E+05 0.000E+00 0.000E+00
 7.91475887E+01   4083.2 2.503E+03 1.895E+11 6.975E-03 5.887E-03 2.279E+05 0.000E+00 0.000E+00
 8.95258008E+01   4184.5 2.831E+03 2.315E+11 8.267E-03 6.638E-03 2.435E+05 0.000E+00 0.000E+00
 1.01277016E+02   4300.5 3.202E+03 2.820E+11 9.670E-03 7.395E-03 2.591E+05 0.000E+00 0.000E+00
 1.14788589E+02   4432.4 3.629E+03 3.418E+11 1.112E-02 8.120E-03 2.743E+05 0.000E+00 0.000E+00
 1.30596914E+02   4580.5 4.129E+03 4.131E+11 1.261E-02 8.855E-03 2.887E+05 0.000E+00 0.000E+00
 1.49139777E+02   4758.4 4.715E+03 5.095E+11 1.438E-02 9.682E-03 3.014E+05 0.000E+00 0.000E+00
 1.70418866E+02   4940.3 5.388E+03 6.592E+11 1.719E-02 1.129E-02 3.128E+05 0.000E+00 0.000E+00
 1.92746973E+02   5171.4 6.094E+03 9.922E+11 2.344E-02 1.509E-02 3.226E+05 3.902E-11 1.728E+02
 2.13269359E+02   5418.1 6.742E+03 1.697E+12 3.608E-02 2.291E-02 3.302E+05 1.355E-07 2.568E+03
 2.29957787E+02   5708.1 7.270E+03 3.302E+12 6.241E-02 3.957E-02 3.358E+05 1.215E-05 1.141E+04
 2.42388413E+02   6033.9 7.662E+03 6.818E+12 1.149E-01 7.305E-02 3.404E+05 4.850E-04 3.905E+04
 2.51117296E+02   6406.7 7.937E+03 1.463E+13 2.230E-01 1.412E-01 3.437E+05 3.890E-03 7.870E+04
 2.57061738E+02   6814.8 8.124E+03 3.094E+13 4.393E-01 2.680E-01 3.467E+05 1.836E-02 1.325E+05
 2.61083642E+02   7240.6 8.250E+03 6.193E+13 8.521E-01 4.427E-01 3.497E+05 1.624E-01 2.782E+05
 2.64045665E+02   7601.1 8.342E+03 1.048E+14 1.454E+00 5.531E-01 3.521E+05 4.150E-01 3.913E+05
 2.66469372E+02   7903.8 8.417E+03 1.569E+14 2.247E+00 5.805E-01 3.538E+05 6.056E-01 4.497E+05
 2.68689506E+02   8139.7 8.486E+03 2.101E+14 3.131E+00 5.576E-01 3.552E+05 7.244E-01 4.787E+05
 2.70854002E+02   8353.5 8.553E+03 2.694E+14 4.202E+00 5.529E-01 3.568E+05 7.971E-01 4.989E+05
 2.73042588E+02   8549.6 8.621E+03 3.342E+14 5.472E+00 5.310E-01 3.578E+05 8.457E-01 5.073E+05
 2.75313484E+02   8730.4 8.692E+03 4.035E+14 6.942E+00 5.174E-01 3.580E+05 8.864E-01 5.263E+05
 2.77706664E+02   8912.8 8.766E+03 4.831E+14 8.770E+00 4.993E-01 3.580E+05 9.088E-01 5.259E+05
 2.80262267E+02   9078.5 8.846E+03 5.644E+14 1.078E+01 5.149E-01 3.580E+05 9.251E-01 5.371E+05
PRADK 4.5504E-01
BEGIN                    ITERATION  30 COMPLETED
